3.1415926535897932384626433832795028841971693993751058209749445923078164062862089
98628034825342117067982148086513282306647093844609550582231725359408128481117450
28410270193852110555964462294895493038196442881097566593344612847564823378678316
52712019091456485669234603486104543266482133936072602491412737245870066063155881
74881520920962829254091715364367892590360011330530548820466521384146951941511609
43305727036575959195309218611738193261179310511854807446237996274956735188575272
48912279381830119491298336733624406566430860213949463952247371907021798609437027
70539217176293176752384674818467669405132000568127145263560827785771342757789609
17363717872146844090122495343014654958537105079227968925892354201995611212902196
08640344181598136297747713099605187072113499999983729780499510597317328160963185
95024459455346908302642522308253344685035261931188171010003137838752886587533208
38142061717766914730359825349042875546873115956286388235378759375195778185778053
21712268066130019278766111959092164201989380952572010654858632788659361533818279
68230301952035301852968995773622599413891249721775283479131515574857242454150695
95082953311686172785588907509838175463746493931925506040092770167113900984882401
28583616035637076601047101819429555961989467678374494482553797747268471040475346
46208046684259069491293313677028989152104752162056966024058038150193511253382430
03558764024749647326391419927260426992279678235478163600934172164121992458631503
02861829745557067498385054945885869269956909272107975093029553211653449872027559
60236480665499119881834797753566369807426542527862551818417574672890977772793800
08164706001614524919217321721477235014144197356854816136115735255213347574184946
84385233239073941433345477624168625189835694855620992192221842725502542568876717
90494601653466804988627232791786085784383827967976681454100953883786360950680064
22512520511739298489608412848862694560424196528502221066118630674427862203919494
50471237137869609563643719172874677646575739624138908658326459958133904780275900
99465764078951269468398352595709825822620522489407726719478268482601476990902640
13639443745530506820349625245174939965143142980919065925093722169646151570985838
74105978859597729754989301617539284681382686838689427741559918559252459539594310
49972524680845987273644695848653836736222626099124608051243884390451244136549762
78079771569143599770012961608944169486855584840635342207222582848864815845602850
60168427394522674676788952521385225499546667278239864565961163548862305774564980
35593634568174324112515076069479451096596094025228879710893145669136867228748940
56010150330861792868092087476091782493858900971490967598526136554978189312978482
16829989487226588048575640142704775551323796414515237462343645428584447952658678
21051141354735739523113427166102135969536231442952484937187110145765403590279934
40374200731057853906219838744780847848968332144571386875194350643021845319104848
10053706146806749192781911979399520614196634287544406437451237181921799983910159
19561814675142691239748940907186494231961567945208095146550225231603881930142093
76213785595663893778708303906979207734672218256259966150142150306803844773454920
26054146659252014974428507325186660021324340881907104863317346496514539057962685
61005508106658796998163574736384052571459102897064140110971206280439039759515677
15770042033786993600723055876317635942187312514712053292819182618612586732157919
84148488291644706095752706957220917567116722910981690915280173506712748583222871
83520935396572512108357915136988209144421006751033467110314126711136990865851639
83150197016515116851714376576183515565088490998985998238734552833163550764791853
58932261854896321329330898570642046752590709154814165498594616371802709819943099
24488957571282890592323326097299712084433573265489382391193259746366730583604142
81388303203824903758985243744170291327656180937734440307074692112019130203303801
97621101100449293215160842444859637669838952286847831235526582131449576857262433
44189303968642624341077322697802807318915441101044682325271620105265227211166039
66655730925471105578537634668206531098965269186205647693125705863566201855810072
93606598764861179104533488503461136576867532494416680396265797877185560845529654
12665408530614344431858676975145661406800700237877659134401712749470420562230538
99456131407112700040785473326993908145466464588079727082668306343285878569830523
58089330657574067954571637752542021149557615814002501262285941302164715509792592
30990796547376125517656751357517829666454779174501129961489030463994713296210734
04375189573596145890193897131117904297828564750320319869151402870808599048010941
21472213179476477726224142548545403321571853061422881375850430633217518297986622
37172159160771669254748738986654949450114654062843366393790039769265672146385306
73609657120918076383271664162748888007869256029022847210403172118608204190004229
66171196377921337575114959501566049631862947265473642523081770367515906735023507
28354056704038674351362222477158915049530984448933309634087807693259939780541934
14473774418426312986080998886874132604721569516239658645730216315981931951673538
12974167729478672422924654366800980676928238280689964004824354037014163149658979
40924323789690706977942236250822168895738379862300159377647165122893578601588161
75578297352334460428151262720373431465319777741603199066554187639792933441952154
13418994854447345673831624993419131814809277771038638773431772075456545322077709
21201905166096280490926360197598828161332316663652861932668633606273567630354477
62803504507772355471058595487027908143562401451718062464362679456127531813407833
03362542327839449753824372058353114771199260638133467768796959703098339130771098
70408591337464144282277263465947047458784778720192771528073176790770715721344473
06057007334924369311383504931631284042512192565179806941135280131470130478164378
85185290928545201165839341965621349143415956258658655705526904965209858033850722
42648293972858478316305777756068887644624824685792603953527734803048029005876075
82510474709164396136267604492562742042083208566119062545433721315359584506877246
02901618766795240616342522577195429162991930645537799140373404328752628889639958
79475729174642635745525407909145135711136941091193932519107602082520261879853188
77058429725916778131496990090192116971737278476847268608490033770242429165130050
05168323364350389517029893922334517220138128069650117844087451960121228599371623
13017114448464090389064495444006198690754851602632750529834918740786680881833851
02283345085048608250393021332197155184306354550076682829493041377655279397517546
13953984683393638304746119966538581538420568533862186725233402830871123282789212
50771262946322956398989893582116745627010218356462201349671518819097303811980049
73407239610368540664319395097901906996395524530054505806855019567302292191393391
85680344903982059551002263535361920419947455385938102343955449597783779023742161
72711172364343543947822181852862408514006660443325888569867054315470696574745855
03323233421073015459405165537906866273337995851156257843229882737231989875714159
57811196358330059408730681216028764962867446047746491599505497374256269010490377
81986835938146574126804925648798556145372347867330390468838343634655379498641927
05638729317487233208376011230299113679386270894387993620162951541337142489283072
20126901475466847653576164773794675200490757155527819653621323926406160136358155
90742202020318727760527721900556148425551879253034351398442532234157623361064250
63904975008656271095359194658975141310348227693062474353632569160781547818115284
36679570611086153315044521274739245449454236828860613408414863776700961207151249
14043027253860764823634143346235189757664521641376796903149501910857598442391986
29164219399490723623464684411739403265918404437805133389452574239950829659122850
85558215725031071257012668302402929525220118726767562204154205161841634847565169
99811614101002996078386909291603028840026910414079288621507842451670908700069928
21206604183718065355672525325675328612910424877618258297651579598470356222629348
60034158722980534989650226291748788202734209222245339856264766914905562842503912
75771028402799806636582548892648802545661017296702664076559042909945681506526530
53718294127033693137851786090407086671149655834343476933857817113864558736781230
14587687126603489139095620099393610310291616152881384379099042317473363948045759
31493140529763475748119356709110137751721008031559024853090669203767192203322909
43346768514221447737939375170344366199104033751117354719185504644902636551281622
88244625759163330391072253837421821408835086573917715096828874782656995995744906
61758344137522397096834080053559849175417381883999446974867626551658276584835884
53142775687900290951702835297163445621296404352311760066510124120065975585127617
85838292041974844236080071930457618932349229279650198751872127267507981255470958
90455635792122103334669749923563025494780249011419521238281530911407907386025152
27429958180724716259166854513331239480494707911915326734302824418604142636395480
00448002670496248201792896476697583183271314251702969234889627668440323260927524
96035799646925650493681836090032380929345958897069536534940603402166544375589004
56328822505452556405644824651518754711962184439658253375438856909411303150952617
93780029741207665147939425902989695946995565761218656196733786236256125216320862
86922210327488921865436480229678070576561514463204692790682120738837781423356282
36089632080682224680122482611771858963814091839036736722208883215137556003727983
94004152970028783076670944474560134556417254370906979396122571429894671543578468
78861444581231459357198492252847160504922124247014121478057345510500801908699603
30276347870810817545011930714122339086639383395294257869050764310063835198343893
41596131854347546495569781038293097164651438407007073604112373599843452251610507
02705623526601276484830840761183013052793205427462865403603674532865105706587488
22569815793678976697422057505968344086973502014102067235850200724522563265134105
59240190274216248439140359989535394590944070469120914093870012645600162374288021
09276457931065792295524988727584610126483699989225695968815920560010165525637567
85667227966198857827948488558343975187445455129656344348039664205579829368043522
02770984294232533022576341807039476994159791594530069752148293366555661567873640
05366656416547321704390352132954352916941459904160875320186837937023488868947915
10716378529023452924407736594956305100742108714261349745956151384987137570471017
87957310422969066670214498637464595280824369445789772330048764765241339075920434
01963403911473202338071509522201068256342747164602433544005152126693249341967397
70415956837535551667302739007497297363549645332888698440611964961627734495182736
95588220757355176651589855190986665393549481068873206859907540792342402300925900
70173196036225475647894064754834664776041146323390565134330684495397907090302346
04614709616968868850140834704054607429586991382966824681857103188790652870366508
32431974404771855678934823089431068287027228097362480939962706074726455399253994
42808113736943388729406307926159599546262462970706259484556903471197299640908941
80595343932512362355081349490043642785271383159125689892951964272875739469142725
34366941532361004537304881985517065941217352462589548730167600298865925786628561
24966552353382942878542534048308330701653722856355915253478445981831341129001999
20598135220511733658564078264849427644113763938669248031183644536985891754426473
99882284621844900877769776312795722672655562596282542765318300134070922334365779
16012809317940171859859993384923549564005709955856113498025249906698423301735035
80440811685526531170995708994273287092584878944364600504108922669178352587078595
12983441729535195378855345737426085902908176515578039059464087350612322611200937
31080485485263572282576820341605048466277504500312620080079980492548534694146977
51649327095049346393824322271885159740547021482897111777923761225788734771881968
25462981268685817050740272550263329044976277894423621674119186269439650671515779
58675648239939176042601763387045499017614364120469218237076488783419689686118155
81587360629386038101712158552726683008238340465647588040513808016336388742163714
06435495561868964112282140753302655100424104896783528588290243670904887118190909
49453314421828766181031007354770549815968077200947469613436092861484941785017180
77930681085469000944589952794243981392135055864221964834915126390128038320010977
38680662877923971801461343244572640097374257007359210031541508936793008169980536
52027600727749674584002836240534603726341655425902760183484030681138185510597970
56640075094260878857357960373245141467867036880988060971642584975951380693094494
01515422221943291302173912538355915031003330325111749156969174502714943315155885
40392216409722910112903552181576282328318234254832611191280092825256190205263016
39114772473314857391077758744253876117465786711694147764214411112635835538713610
11023267987756410246824032264834641766369806637857681349204530224081972785647198
39630878154322116691224641591177673225326433568614618654522268126887268445968442
41610785401676814208088502800541436131462308210259417375623899420757136275167457
31891894562835257044133543758575342698699472547031656613991999682628247270641336
22217892390317608542894373393561889165125042440400895271983787386480584726895462
43882343751788520143956005710481194988423906061369573423155907967034614914344788
63604103182350736502778590897578272731305048893989009923913503373250855982655867
08924261242947367019390772713070686917092646254842324074855036608013604668951184
00936686095463250021458529309500009071510582362672932645373821049387249966993394
24685516483261134146110680267446637334375340764294026682973865220935701626384648
52851490362932019919968828517183953669134522244470804592396602817156551565666111
35982311225062890585491450971575539002439315351909021071194573002438801766150352
70862602537881797519478061013715004489917210022201335013106016391541589578037117
79277522597874289191791552241718958536168059474123419339842021874564925644346239
25319531351033114763949119950728584306583619353693296992898379149419394060857248
63968836903265564364216644257607914710869984315733749648835292769328220762947282
38153740996154559879825989109371712621828302584811238901196822142945766758071865
38065064870261338928229949725745303328389638184394477077940228435988341003583854
23897354243956475556840952248445541392394100016207693636846776413017819659379971
55746854194633489374843912974239143365936041003523437770658886778113949861647874
71407932638587386247328896456435987746676384794665040741118256583788784548581489
62961273998413442726086061872455452360643153710112746809778704464094758280348769
75894832824123929296058294861919667091895808983320121031843034012849511620353428
01441276172858302435598300320420245120728725355811958401491809692533950757784000
67465526031446167050827682772223534191102634163157147406123850425845988419907611
28725805911393568960143166828317632356732541707342081733223046298799280490851409
47903688786878949305469557030726190095020764334933591060245450864536289354568629
58531315337183868265617862273637169757741830239860065914816164049449650117321313
89574706208847480236537103115089842799275442685327797431139514357417221975979935
96852522857452637962896126915723579866205734083757668738842664059909935050008133
75432454635967504844235284874701443545419576258473564216198134073468541117668831
18654489377697956651727966232671481033864391375186594673002443450054499539974237
23287124948347060440634716063258306498297955101095418362350303094530973358344628
39476304775645015008507578949548931393944899216125525597701436858943585877526379
62559708167764380012543650237141278346792610199558522471722017772370041780841942
39487254068015560359983905489857235467456423905858502167190313952629445543913166
31345308939062046784387785054239390524731362012947691874975191011472315289326772
53391814660730008902776896311481090220972452075916729700785058071718638105496797
31001678708506942070922329080703832634534520380278609905569001341371823683709919
49516489600755049341267876436746384902063964019766685592335654639138363185745698
14719621084108096188460545603903845534372914144651347494078488442377217515433426
03066988317683310011331086904219390310801437843341513709243530136776310849135161
56422698475074303297167469640666531527035325467112667522460551199581831963763707
61799191920357958200759560530234626775794393630746305690108011494271410093913691
38107258137813578940055995001835425118417213605572752210352680373572652792241737
36057511278872181908449006178013889710770822931002797665935838758909395688148560
26322439372656247277603789081445883785501970284377936240782505270487581647032458
12908783952324532378960298416692254896497156069811921865849267704039564812781021
79913217416305810554598801300484562997651121241536374515005635070127815926714241
34210330156616535602473380784302865525722275304999883701534879300806260180962381
51613669033411113865385109193673938352293458883225508870645075394739520439680790
67086806445096986548801682874343786126453815834280753061845485903798217994599681
15441974253634439960290251001588827216474500682070419376158454712318346007262933
95505482395571372568402322682130124767945226448209102356477527230820810635188991
52692889108455571126603965034397896278250016110153235160519655904211844949907789
99200732947690586857787872098290135295661397888486050978608595701773129815531495
16814671769597609942100361835591387778176984587581044662839988060061622984861693
53373865787735983361613384133853684211978938900185295691967804554482858483701170
96721253533875862158231013310387766827211572694951817958975469399264219791552338
57662316762754757035469941489290413018638611943919628388705436777432242768091323
65449485366768000001065262485473055861598999140170769838548318875014293890899506
85453076511680333732226517566220752695179144225280816517166776672793035485154204
02381746089232839170327542575086765511785939500279338959205766827896776445318404
04185540104351348389531201326378369283580827193783126549617459970567450718332065
03455664403449045362756001125018433560736122276594927839370647842645676338818807
56561216896050416113903906396016202215368494109260538768871483798955999911209916
46464411918568277004574243434021672276445589330127781586869525069499364610175685
06016714535431581480105458860564550133203758645485840324029871709348091055621167
15468484778039447569798042631809917564228098739987669732376957370158080682290459
92123661689025962730430679316531149401764737693873514093361833216142802149763399
18983548487562529875242387307755955595546519639440182184099841248982623673771467
22606163364329640633572810707887581640438148501884114318859882769449011932129682
71588841338694346828590066640806314077757725705630729400492940302420498416565479
73670548558044586572022763784046682337985282710578431975354179501134727362577408
02134768260450228515797957976474670228409995616015691089038458245026792659420555
03958792298185264800706837650418365620945554346135134152570065974881916341359556
71964965403218727160264859304903978748958906612725079482827693895352175362185079
62977851461884327192232238101587444505286652380225328438913752738458923844225354
72653098171578447834215822327020690287232330053862163479885094695472004795231120
15043293226628272763217790884008786148022147537657810581970222630971749507212724
84794781695729614236585957820908307332335603484653187302930266596450137183754288
97557971449924654038681799213893469244741985097334626793321072686870768062639919
36196504409954216762784091466985692571507431574079380532392523947755744159184582
15625181921552337096074833292349210345146264374498055961033079941453477845746999
92128599999399612281615219314888769388022281083001986016549416542616968586788372
60958774567618250727599295089318052187292461086763995891614585505839727420980909
78172932393010676638682404011130402470073508578287246271349463685318154696904669
68693925472519413992914652423857762550047485295476814795467007050347999588867695
01612497228204030399546327883069597624936151010243655535223069061294938859901573
46610237122354789112925476961760050479749280607212680392269110277722610254414922
15765045081206771735712027180242968106203776578837166909109418074487814049074691
4